,atypical,boring,calm,cold,common,confident,egotistic,emotUnstable,forgettable,intelligent,introverted,kind,responsible,trustworthy,unattractive,unemotional,unfamiliar,unfriendly,unhappy,weird,aggressive,attractive,caring,emotStable,emotional,familiar,friendly,happy,humble,interesting,irresponsible,mean,memorable,normal,sociable,typical,uncertain,uncommon,unintelligent,untrustworthy
atypical,1.0,0.214868784285,-0.434825242709,0.533217810849,-0.487103024023,-0.354879340672,0.447223358232,0.582401765945,0.0781954520622,-0.438938619308,0.469563969714,-0.515066319406,-0.549052310501,-0.55030605811,0.339230854173,0.457196624068,0.50507193722,0.546194001029,0.520280981026,0.600381213254,0.454959940946,-0.244519176834,-0.490713942542,-0.501661025024,-0.171027324557,-0.321637234032,-0.484771973079,-0.461692689144,-0.428453561466,-0.214904384184,0.468973296046,0.484439445152,0.00152530378836,-0.534370462759,-0.452168819432,-0.450151511941,0.391657370298,0.461027556429,0.392984053235,0.490160238627
boring,0.214868784285,1.0,-0.230331012939,0.514838795332,0.139354135733,-0.580056816136,0.196988638938,0.426741919372,0.71208268143,-0.34849009829,0.651392458386,-0.466127249084,-0.290789137461,-0.397310817597,0.657088808933,0.565730891142,0.415027746601,0.524570972075,0.558778819948,0.495108531853,0.302912436997,-0.588356445813,-0.409089571384,-0.358731232774,-0.372795436345,-0.284288029946,-0.462651363892,-0.494252413205,-0.152723907231,-0.57034084621,0.231325010937,0.38818320542,-0.494891477992,-0.340002404808,-0.529253318561,-0.076292666919,0.460864685156,0.0867074757061,0.28861637955,0.333107780002
calm,-0.434825242709,-0.230331012939,1.0,-0.598723271233,0.390797027585,0.456017672543,-0.492743780883,-0.679625823703,-0.148907355981,0.627380831029,-0.3633183889,0.676444023506,0.708638271582,0.717688455043,-0.412180023227,-0.405099972756,-0.392468216712,-0.626390418996,-0.590039519638,-0.583344769436,-0.589562809377,0.346285159875,0.59897996704,0.614483654464,0.182861249946,0.38188440221,0.560970666883,0.536696952372,0.555100811285,0.363340600859,-0.598803774109,-0.59256281534,0.116879819742,0.563055365895,0.517907472286,0.369162855406,-0.449758581347,-0.364510490127,-0.522047695445,-0.604876147236
cold,0.533217810849,0.514838795332,-0.598723271233,1.0,-0.357929728567,-0.533059721855,0.692925330221,0.775080979008,0.319753904999,-0.564855138982,0.693272089093,-0.905845417485,-0.701048916568,-0.83358187545,0.480429458583,0.831767809975,0.515894214446,0.938094096259,0.909272319981,0.628773013137,0.777994630545,-0.41831392792,-0.829842936388,-0.70068110944,-0.502160595743,-0.48188376311,-0.870133710233,-0.87303205516,-0.674769323949,-0.522885713257,0.635109920927,0.834112913291,-0.262172421282,-0.667948191743,-0.818723442053,-0.437782676292,0.609346275616,0.41980159726,0.53701261412,0.759555743054
common,-0.487103024023,0.139354135733,0.390797027585,-0.357929728567,1.0,0.14861541402,-0.364298968975,-0.391979567118,0.306432170903,0.273769894521,-0.199395283809,0.402310759844,0.423997106238,0.42076273444,-0.0356682800287,-0.241419031035,-0.291699399757,-0.358534319687,-0.323952993509,-0.349904671143,-0.349422300449,-0.00938618504544,0.355446174327,0.349829431305,0.0936373357683,0.254947844075,0.342314282472,0.320604981053,0.402947599222,-0.0291444292305,-0.350259595154,-0.349163336131,-0.235391367531,0.412660759639,0.282179542308,0.465757234619,-0.21410192422,-0.434030376035,-0.247123199027,-0.361175573945
confident,-0.354879340672,-0.580056816136,0.456017672543,-0.533059721855,0.14861541402,1.0,-0.0554203053008,-0.614219728112,-0.483621797263,0.631102846497,-0.718976852393,0.547609579804,0.597351156021,0.550770801195,-0.601003625174,-0.498615407704,-0.451781787717,-0.584727396381,-0.675374695133,-0.608061130311,-0.358216591601,0.532915204731,0.492455487789,0.563094763034,0.235460373263,0.395720138557,0.55883116469,0.60247371494,0.224734618961,0.56514721049,-0.467510123801,-0.478316297342,0.402489792999,0.514287778218,0.633012118296,0.255514736817,-0.640476590485,-0.24913040362,-0.500278150136,-0.46068224151
egotistic,0.447223358232,0.196988638938,-0.492743780883,0.692925330221,-0.364298968975,-0.0554203053008,1.0,0.530276785992,0.0549233548647,-0.315646310062,0.298066665481,-0.691865916511,-0.515832019402,-0.664760418554,0.153150587186,0.588169821726,0.330934270329,0.658419029945,0.55587686978,0.400635863062,0.668398573597,-0.0968673938201,-0.628517539051,-0.445239713134,-0.389887967867,-0.266078893549,-0.578638902666,-0.542347125086,-0.67735210597,-0.21321720106,0.495112163983,0.616701183012,-0.0211176575696,-0.434506098857,-0.449333003831,-0.325805343414,0.28567736827,0.334213341179,0.343476366079,0.60343967452
emotUnstable,0.582401765945,0.426741919372,-0.679625823703,0.775080979008,-0.391979567118,-0.614219728112,0.530276785992,1.0,0.296097044518,-0.674776623267,0.643141136609,-0.759644183753,-0.769577126288,-0.79284537253,0.499258447831,0.623157945431,0.535222929269,0.797763836914,0.79866730155,0.730111655332,0.643101352093,-0.399098284194,-0.694023721754,-0.725474050014,-0.271668941162,-0.442910145876,-0.713996073139,-0.709304817559,-0.569839150544,-0.469964885343,0.65929614011,0.704473565273,-0.211140745325,-0.674934614997,-0.686377261228,-0.442057816015,0.613075999211,0.444759866836,0.592674853665,0.691910528186
forgettable,0.0781954520622,0.71208268143,-0.148907355981,0.319753904999,0.306432170903,-0.483621797263,0.0549233548647,0.296097044518,1.0,-0.300602215826,0.48844561203,-0.28610001373,-0.214598439955,-0.254583582951,0.563940558834,0.371082448355,0.332968091861,0.334260873673,0.367742116418,0.346756017718,0.180811888776,-0.514331902345,-0.250131018192,-0.23965785326,-0.255654294298,-0.187612156099,-0.285792091226,-0.312172952672,-0.0408350572703,-0.515251668331,0.156188653122,0.230473490176,-0.522938361135,-0.187758582481,-0.358228215219,0.0805302061719,0.350432258181,-0.0470805312525,0.220340925192,0.207410534351
intelligent,-0.438938619308,-0.34849009829,0.627380831029,-0.564855138982,0.273769894521,0.631102846497,-0.315646310062,-0.674776623267,-0.300602215826,1.0,-0.447671154158,0.634896522311,0.794297209561,0.70719264307,-0.499023066821,-0.429627253994,-0.423906182809,-0.603292388312,-0.617573041752,-0.574306442449,-0.517221946228,0.408420477017,0.562436444231,0.622007276288,0.203746545864,0.399428615929,0.567014294857,0.562055982004,0.450277626817,0.465219078371,-0.631574476902,-0.570634857904,0.231423103057,0.547289400515,0.547914659465,0.333312137988,-0.523882546949,-0.310276077879,-0.629084718057,-0.580097710959
introverted,0.469563969714,0.651392458386,-0.3633183889,0.693272089093,-0.199395283809,-0.718976852393,0.298066665481,0.643141136609,0.48844561203,-0.447671154158,1.0,-0.633985676683,-0.519221035309,-0.574049918725,0.547630082126,0.708301895765,0.520168270569,0.714426924953,0.770511542835,0.649990748455,0.471069347585,-0.486441543761,-0.589480630296,-0.567666068663,-0.389081960297,-0.372547288617,-0.655147268342,-0.696492747756,-0.322471754187,-0.516051230203,0.458619294247,0.568613652954,-0.36176646039,-0.553997836017,-0.712779820954,-0.315934093229,0.631771542756,0.334540236798,0.435266972034,0.530093601452
kind,-0.515066319406,-0.466127249084,0.676444023506,-0.905845417485,0.402310759844,0.547609579804,-0.691865916511,-0.759644183753,-0.28610001373,0.634896522311,-0.633985676683,1.0,0.775392225052,0.889820554142,-0.477790309978,-0.771934471053,-0.500699979435,-0.903890772993,-0.87053101493,-0.632292790286,-0.795611164951,0.435615268281,0.850152799627,0.715113408601,0.50736511996,0.513279028817,0.863612941143,0.852182115441,0.710188679097,0.531571893135,-0.677080399065,-0.830482174448,0.26459107956,0.682110920944,0.804244910675,0.449430936346,-0.607131896969,-0.428499820428,-0.56995265357,-0.781836319483
responsible,-0.549052310501,-0.290789137461,0.708638271582,-0.701048916568,0.423997106238,0.597351156021,-0.515832019402,-0.769577126288,-0.214598439955,0.794297209561,-0.519221035309,0.775392225052,1.0,0.845040768186,-0.405480456182,-0.555598373268,-0.471609836033,-0.725125259564,-0.715550449696,-0.639692800668,-0.665646681943,0.331419747308,0.71124238984,0.710732531061,0.290124010624,0.453795148882,0.691948004826,0.679286922225,0.615711499068,0.441876270087,-0.749161375359,-0.688052041021,0.180123274577,0.647132824326,0.642461117609,0.438746306784,-0.580267275165,-0.420831361559,-0.648773176357,-0.718854404854
trustworthy,-0.55030605811,-0.397310817597,0.717688455043,-0.83358187545,0.42076273444,0.550770801195,-0.664760418554,-0.79284537253,-0.254583582951,0.70719264307,-0.574049918725,0.889820554142,0.845040768186,1.0,-0.466461187497,-0.683106332247,-0.49036802741,-0.843537734971,-0.804376023554,-0.672828772604,-0.767332364473,0.400543721574,0.811059216844,0.728994691285,0.416038358496,0.496431377033,0.799217922885,0.780312700288,0.704031460505,0.488688758096,-0.716313799798,-0.783129212341,0.214356303883,0.695698461763,0.731250964812,0.460332517477,-0.598269044288,-0.444252542811,-0.611835508194,-0.783456430433
unattractive,0.339230854173,0.657088808933,-0.412180023227,0.480429458583,-0.0356682800287,-0.601003625174,0.153150587186,0.499258447831,0.563940558834,-0.499023066821,0.547630082126,-0.477790309978,-0.405480456182,-0.466461187497,1.0,0.448917802819,0.486607697022,0.51240298967,0.53104693882,0.67638649274,0.38772430856,-0.829278678964,-0.449857208717,-0.465862191823,-0.30262910475,-0.385005123228,-0.480242928875,-0.477892353627,-0.197243720383,-0.578093719778,0.335907444395,0.445795359342,-0.437014148979,-0.500531108234,-0.560371669554,-0.181786935533,0.465018628156,0.190576328276,0.425626431666,0.415353993471
unemotional,0.457196624068,0.565730891142,-0.405099972756,0.831767809975,-0.241419031035,-0.498615407704,0.588169821726,0.623157945431,0.371082448355,-0.429627253994,0.708301895765,-0.771934471053,-0.555598373268,-0.683106332247,0.448917802819,1.0,0.488864677775,0.819962499682,0.81742918534,0.538329267447,0.647887523194,-0.394089643631,-0.720449426406,-0.572004093055,-0.553110150709,-0.390103557652,-0.759831133323,-0.775903938877,-0.537071238793,-0.492290610656,0.522190164305,0.699899112561,-0.28683694352,-0.558940799583,-0.736988184592,-0.324817741509,0.554661327432,0.339482023803,0.441323591814,0.636745111849
unfamiliar,0.50507193722,0.415027746601,-0.392468216712,0.515894214446,-0.291699399757,-0.451781787717,0.330934270329,0.535222929269,0.332968091861,-0.423906182809,0.520168270569,-0.500699979435,-0.471609836033,-0.49036802741,0.486607697022,0.488864677775,1.0,0.54099075762,0.534771184239,0.582459796252,0.406648061836,-0.382180514405,-0.472676879419,-0.473467778154,-0.241597935141,-0.346591465683,-0.483196078245,-0.47233054741,-0.322346808799,-0.364753195542,0.420590405281,0.447471341705,-0.194478543162,-0.502742224177,-0.493298922899,-0.329088774064,0.424837429394,0.331283576828,0.393941124121,0.459974149264
unfriendly,0.546194001029,0.524570972075,-0.626390418996,0.938094096259,-0.358534319687,-0.584727396381,0.658419029945,0.797763836914,0.334260873673,-0.603292388312,0.714426924953,-0.903890772993,-0.725125259564,-0.843537734971,0.51240298967,0.819962499682,0.54099075762,1.0,0.927384913484,0.653572833859,0.772877544451,-0.448902041071,-0.832329547505,-0.724005717183,-0.488449408569,-0.491576351436,-0.873770829181,-0.878777593695,-0.668349345579,-0.545528313022,0.653919135253,0.836166544776,-0.283993353877,-0.688883274096,-0.835883776319,-0.448694246979,0.644333309921,0.42479298591,0.567809900022,0.768745100371
unhappy,0.520280981026,0.558778819948,-0.590039519638,0.909272319981,-0.323952993509,-0.675374695133,0.55587686978,0.79866730155,0.367742116418,-0.617573041752,0.770511542835,-0.87053101493,-0.715550449696,-0.804376023554,0.53104693882,0.81742918534,0.534771184239,0.927384913484,1.0,0.643593157809,0.728313518789,-0.470579266152,-0.812855207315,-0.731301832185,-0.474352354924,-0.496770093506,-0.869081991323,-0.893648659337,-0.610051187011,-0.57832484409,0.647256092399,0.814105864837,-0.32067386369,-0.675747758964,-0.853308507371,-0.424628547605,0.691838077683,0.403942898411,0.579940247957,0.740618408813
weird,0.600381213254,0.495108531853,-0.583344769436,0.628773013137,-0.349904671143,-0.608061130311,0.400635863062,0.730111655332,0.346756017718,-0.574306442449,0.649990748455,-0.632292790286,-0.639692800668,-0.672828772604,0.67638649274,0.538329267447,0.582459796252,0.653572833859,0.643593157809,1.0,0.525716052736,-0.559892160164,-0.594566072981,-0.618139264483,-0.27057960123,-0.443773632665,-0.58546878541,-0.56967512645,-0.418144131314,-0.4445066136,0.551091087854,0.558304203963,-0.220731550242,-0.67820611653,-0.612896101647,-0.426789384372,0.557612035687,0.419868560298,0.528807752115,0.588408396717
aggressive,0.454959940946,0.302912436997,-0.589562809377,0.777994630545,-0.349422300449,-0.358216591601,0.668398573597,0.643101352093,0.180811888776,-0.517221946228,0.471069347585,-0.795611164951,-0.665646681943,-0.767332364473,0.38772430856,0.647887523194,0.406648061836,0.772877544451,0.728313518789,0.525716052736,1.0,-0.399271552928,-0.853797284551,-0.725950611047,-0.430991302151,-0.455723615457,-0.833049856437,-0.783547041133,-0.787654309742,-0.474834923461,0.765581844796,0.896601282618,-0.190090759416,-0.695313412425,-0.743766802066,-0.448095870162,0.570970456034,0.477922244701,0.648586180971,0.863544411069
attractive,-0.244519176834,-0.588356445813,0.346285159875,-0.41831392792,-0.00938618504544,0.532915204731,-0.0968673938201,-0.399098284194,-0.514331902345,0.408420477017,-0.486441543761,0.435615268281,0.331419747308,0.400543721574,-0.829278678964,-0.394089643631,-0.382180514405,-0.448902041071,-0.470579266152,-0.559892160164,-0.399271552928,1.0,0.479639789987,0.485122161283,0.356908560546,0.450225922424,0.50693165903,0.497061732255,0.211552662338,0.659043395216,-0.333541069535,-0.456959747955,0.538776525617,0.531705703499,0.591631291361,0.181627810466,-0.467864212114,-0.188291985485,-0.449049193172,-0.431292987723
caring,-0.490713942542,-0.409089571384,0.59897996704,-0.829842936388,0.355446174327,0.492455487789,-0.628517539051,-0.694023721754,-0.250131018192,0.562436444231,-0.589480630296,0.850152799627,0.71124238984,0.811059216844,-0.449857208717,-0.720449426406,-0.472676879419,-0.832329547505,-0.812855207315,-0.594566072981,-0.853797284551,0.479639789987,1.0,0.792441982837,0.547022161805,0.561854678603,0.922146043864,0.896019672106,0.802080584628,0.588969134839,-0.756503257814,-0.885068044044,0.307974661953,0.765722914113,0.861649407515,0.502751174957,-0.656826053578,-0.470367784433,-0.640841093472,-0.865569113137
emotStable,-0.501661025024,-0.358731232774,0.614483654464,-0.70068110944,0.349829431305,0.563094763034,-0.445239713134,-0.725474050014,-0.23965785326,0.622007276288,-0.567666068663,0.715113408601,0.710732531061,0.728994691285,-0.465862191823,-0.572004093055,-0.473467778154,-0.724005717183,-0.731301832185,-0.618139264483,-0.725950611047,0.485122161283,0.792441982837,1.0,0.290037708116,0.50676519188,0.798513221237,0.782045630821,0.676855893,0.564380649114,-0.77614871354,-0.788533259918,0.274893077838,0.795705535671,0.773853310803,0.5127972815,-0.707107977635,-0.49792956944,-0.722194636008,-0.799582226956
emotional,-0.171027324557,-0.372795436345,0.182861249946,-0.502160595743,0.0936373357683,0.235460373263,-0.389887967867,-0.271668941162,-0.255654294298,0.203746545864,-0.389081960297,0.50736511996,0.290124010624,0.416038358496,-0.30262910475,-0.553110150709,-0.241597935141,-0.488449408569,-0.474352354924,-0.27057960123,-0.430991302151,0.356908560546,0.547022161805,0.290037708116,1.0,0.320929796959,0.541184206944,0.548201597524,0.376113813343,0.409070492042,-0.268641782729,-0.444436185572,0.335879958134,0.33179443259,0.539045565807,0.196909801085,-0.298242869819,-0.129367834797,-0.21542784692,-0.398558166576
familiar,-0.321637234032,-0.284288029946,0.38188440221,-0.48188376311,0.254947844075,0.395720138557,-0.266078893549,-0.442910145876,-0.187612156099,0.399428615929,-0.372547288617,0.513279028817,0.453795148882,0.496431377033,-0.385005123228,-0.390103557652,-0.346591465683,-0.491576351436,-0.496770093506,-0.443773632665,-0.455723615457,0.450225922424,0.561854678603,0.50676519188,0.320929796959,1.0,0.567453227517,0.544953913475,0.417742526402,0.425320950244,-0.43188764558,-0.484989221515,0.283352546754,0.541884087618,0.56539060492,0.431013921608,-0.408366948177,-0.304154375193,-0.393761625422,-0.494200203033
friendly,-0.484771973079,-0.462651363892,0.560970666883,-0.870133710233,0.342314282472,0.55883116469,-0.578638902666,-0.713996073139,-0.285792091226,0.567014294857,-0.655147268342,0.863612941143,0.691948004826,0.799217922885,-0.480242928875,-0.759831133323,-0.483196078245,-0.873770829181,-0.869081991323,-0.58546878541,-0.833049856437,0.50693165903,0.922146043864,0.798513221237,0.541184206944,0.567453227517,1.0,0.94727832361,0.734080731087,0.622891385501,-0.716967646589,-0.899715061017,0.341309186475,0.756164674484,0.913955717362,0.501068825819,-0.70172522821,-0.458883825855,-0.633432188987,-0.838675866547
happy,-0.461692689144,-0.494252413205,0.536696952372,-0.87303205516,0.320604981053,0.60247371494,-0.542347125086,-0.709304817559,-0.312172952672,0.562055982004,-0.696492747756,0.852182115441,0.679286922225,0.780312700288,-0.477892353627,-0.775903938877,-0.47233054741,-0.878777593695,-0.893648659337,-0.56967512645,-0.783547041133,0.497061732255,0.896019672106,0.782045630821,0.548201597524,0.544953913475,0.94727832361,1.0,0.682593793655,0.626252881637,-0.684763613793,-0.870319555947,0.353484674084,0.723822807855,0.920448220344,0.4680316591,-0.729405549174,-0.434566315094,-0.608721273635,-0.800033092656
humble,-0.428453561466,-0.152723907231,0.555100811285,-0.674769323949,0.402947599222,0.224734618961,-0.67735210597,-0.569839150544,-0.0408350572703,0.450277626817,-0.322471754187,0.710188679097,0.615711499068,0.704031460505,-0.197243720383,-0.537071238793,-0.322346808799,-0.668349345579,-0.610051187011,-0.418144131314,-0.787654309742,0.211552662338,0.802080584628,0.676855893,0.376113813343,0.417742526402,0.734080731087,0.682593793655,1.0,0.351252811252,-0.693934175308,-0.770485152271,0.0908340205588,0.626883680446,0.606108353396,0.471973727626,-0.4261273438,-0.449620852468,-0.533561613259,-0.773844509083
interesting,-0.214904384184,-0.57034084621,0.363340600859,-0.522885713257,-0.0291444292305,0.56514721049,-0.21321720106,-0.469964885343,-0.515251668331,0.465219078371,-0.516051230203,0.531571893135,0.441876270087,0.488688758096,-0.578093719778,-0.492290610656,-0.364753195542,-0.545528313022,-0.57832484409,-0.4445066136,-0.474834923461,0.659043395216,0.588969134839,0.564380649114,0.409070492042,0.425320950244,0.622891385501,0.626252881637,0.351252811252,1.0,-0.456413088155,-0.549230298928,0.714177207403,0.478445176627,0.664657305327,0.110063931119,-0.578096805213,-0.116674614968,-0.542503135749,-0.538881824488
irresponsible,0.468973296046,0.231325010937,-0.598803774109,0.635109920927,-0.350259595154,-0.467510123801,0.495112163983,0.65929614011,0.156188653122,-0.631574476902,0.458619294247,-0.677080399065,-0.749161375359,-0.716313799798,0.335907444395,0.522190164305,0.420590405281,0.653919135253,0.647256092399,0.551091087854,0.765581844796,-0.333541069535,-0.756503257814,-0.77614871354,-0.268641782729,-0.43188764558,-0.716967646589,-0.684763613793,-0.693934175308,-0.456413088155,1.0,0.780208633171,-0.179222398318,-0.723471289112,-0.654949958015,-0.44723080078,0.659078957659,0.515761064145,0.798503242515,0.844689179134
mean,0.484439445152,0.38818320542,-0.59256281534,0.834112913291,-0.349163336131,-0.478316297342,0.616701183012,0.704473565273,0.230473490176,-0.570634857904,0.568613652954,-0.830482174448,-0.688052041021,-0.783129212341,0.445795359342,0.699899112561,0.447471341705,0.836166544776,0.814105864837,0.558304203963,0.896601282618,-0.456959747955,-0.885068044044,-0.788533259918,-0.444436185572,-0.484989221515,-0.899715061017,-0.870319555947,-0.770485152271,-0.549230298928,0.780208633171,1.0,-0.258089532842,-0.740362202043,-0.831618639399,-0.473744722042,0.663648518654,0.504356293574,0.691518079336,0.881062958044
memorable,0.00152530378836,-0.494891477992,0.116879819742,-0.262172421282,-0.235391367531,0.402489792999,-0.0211176575696,-0.211140745325,-0.522938361135,0.231423103057,-0.36176646039,0.26459107956,0.180123274577,0.214356303883,-0.437014148979,-0.28683694352,-0.194478543162,-0.283993353877,-0.32067386369,-0.220731550242,-0.190090759416,0.538776525617,0.307974661953,0.274893077838,0.335879958134,0.283352546754,0.341309186475,0.353484674084,0.0908340205588,0.714177207403,-0.179222398318,-0.258089532842,1.0,0.186208101491,0.414571176409,-0.127431934444,-0.374786427816,0.131050307411,-0.282235061772,-0.239189169388
normal,-0.534370462759,-0.340002404808,0.563055365895,-0.667948191743,0.412660759639,0.514287778218,-0.434506098857,-0.674934614997,-0.187758582481,0.547289400515,-0.553997836017,0.682110920944,0.647132824326,0.695698461763,-0.500531108234,-0.558940799583,-0.502742224177,-0.688883274096,-0.675747758964,-0.67820611653,-0.695313412425,0.531705703499,0.765722914113,0.795705535671,0.33179443259,0.541884087618,0.756164674484,0.723822807855,0.626883680446,0.478445176627,-0.723471289112,-0.740362202043,0.186208101491,1.0,0.755226233655,0.637308826332,-0.640222362006,-0.609443336854,-0.660529361232,-0.762590079937
sociable,-0.452168819432,-0.529253318561,0.517907472286,-0.818723442053,0.282179542308,0.633012118296,-0.449333003831,-0.686377261228,-0.358228215219,0.547914659465,-0.712779820954,0.804244910675,0.642461117609,0.731250964812,-0.560371669554,-0.736988184592,-0.493298922899,-0.835883776319,-0.853308507371,-0.612896101647,-0.743766802066,0.591631291361,0.861649407515,0.773853310803,0.539045565807,0.56539060492,0.913955717362,0.920448220344,0.606108353396,0.664657305327,-0.654949958015,-0.831618639399,0.414571176409,0.755226233655,1.0,0.469155402102,-0.730808722527,-0.433885877045,-0.607820264491,-0.772764071113
typical,-0.450151511941,-0.076292666919,0.369162855406,-0.437782676292,0.465757234619,0.255514736817,-0.325805343414,-0.442057816015,0.0805302061719,0.333312137988,-0.315934093229,0.449430936346,0.438746306784,0.460332517477,-0.181786935533,-0.324817741509,-0.329088774064,-0.448694246979,-0.424628547605,-0.426789384372,-0.448095870162,0.181627810466,0.502751174957,0.5127972815,0.196909801085,0.431013921608,0.501068825819,0.4680316591,0.471973727626,0.110063931119,-0.44723080078,-0.473744722042,-0.127431934444,0.637308826332,0.469155402102,1.0,-0.33883440966,-0.602215469447,-0.361779847923,-0.474167013569
uncertain,0.391657370298,0.460864685156,-0.449758581347,0.609346275616,-0.21410192422,-0.640476590485,0.28567736827,0.613075999211,0.350432258181,-0.523882546949,0.631771542756,-0.607131896969,-0.580267275165,-0.598269044288,0.465018628156,0.554661327432,0.424837429394,0.644333309921,0.691838077683,0.557612035687,0.570970456034,-0.467864212114,-0.656826053578,-0.707107977635,-0.298242869819,-0.408366948177,-0.70172522821,-0.729405549174,-0.4261273438,-0.578096805213,0.659078957659,0.663648518654,-0.374786427816,-0.640222362006,-0.730808722527,-0.33883440966,1.0,0.427868473225,0.66567281831,0.668605871192
uncommon,0.461027556429,0.0867074757061,-0.364510490127,0.41980159726,-0.434030376035,-0.24913040362,0.334213341179,0.444759866836,-0.0470805312525,-0.310276077879,0.334540236798,-0.428499820428,-0.420831361559,-0.444252542811,0.190576328276,0.339482023803,0.331283576828,0.42479298591,0.403942898411,0.419868560298,0.477922244701,-0.188291985485,-0.470367784433,-0.49792956944,-0.129367834797,-0.304154375193,-0.458883825855,-0.434566315094,-0.449620852468,-0.116674614968,0.515761064145,0.504356293574,0.131050307411,-0.609443336854,-0.433885877045,-0.602215469447,0.427868473225,1.0,0.455305598718,0.525626959308
unintelligent,0.392984053235,0.28861637955,-0.522047695445,0.53701261412,-0.247123199027,-0.500278150136,0.343476366079,0.592674853665,0.220340925192,-0.629084718057,0.435266972034,-0.56995265357,-0.648773176357,-0.611835508194,0.425626431666,0.441323591814,0.393941124121,0.567809900022,0.579940247957,0.528807752115,0.648586180971,-0.449049193172,-0.640841093472,-0.722194636008,-0.21542784692,-0.393761625422,-0.633432188987,-0.608721273635,-0.533561613259,-0.542503135749,0.798503242515,0.691518079336,-0.282235061772,-0.660529361232,-0.607820264491,-0.361779847923,0.66567281831,0.455305598718,1.0,0.753240476386
untrustworthy,0.490160238627,0.333107780002,-0.604876147236,0.759555743054,-0.361175573945,-0.46068224151,0.60343967452,0.691910528186,0.207410534351,-0.580097710959,0.530093601452,-0.781836319483,-0.718854404854,-0.783456430433,0.415353993471,0.636745111849,0.459974149264,0.768745100371,0.740618408813,0.588408396717,0.863544411069,-0.431292987723,-0.865569113137,-0.799582226956,-0.398558166576,-0.494200203033,-0.838675866547,-0.800033092656,-0.773844509083,-0.538881824488,0.844689179134,0.881062958044,-0.239189169388,-0.762590079937,-0.772764071113,-0.474167013569,0.668605871192,0.525626959308,0.753240476386,1.0
